0.877666863922109
0.7646662327023708
0.8402571389843845
0.8668434603866316
0.8465836854635114
0.8181471919973242
0.7077217297646711
0.8097440794230417
0.8185376246226479
0.8875274774751303
0.8465208395870465
0.7985767330320417
0.82147244397677
0.8132364758420512
0.7813793657193953
0.81196183618004
0.8293270335531118
0.7433200196564675
0.8452019832176483
0.7098181964396402
0.7972805225833537
0.7701877836850444
0.8799305277733718
0.788493770543437
0.8219163648190685
0.7523396204546865
0.5990368937301307
0.8160592375650424
0.8448026724491733
0.6516289123367798
0.7451751948527179
0.867451685971553
0.7589961087568396
0.7727629500621507
0.6466565444596608
0.7847634901559252
0.6028492165012873
0.6039866063669217
0.7723429604555854
0.7614686691879009
0.7913519506106319
0.770354676057136
0.8382773602119971
0.8345847657902945
0.6633429251595894
0.8128299518035669
0.7134569411985854
0.7609669256558254
0.7911539579858613
0.7747647587807713
0.8136302630025487
0.8024591651159261
0.765498543756933
0.6666979087363203
0.7528086966348231
0.8321716930897554
0.68738296379889
0.7603304264362196
0.7961516022673019
0.7489231708194084
0.6732886729270287
0.7388856102459174
0.7363203215496761
0.7673293744735226
0.8594211030088842
0.8261754215510184
0.7809906496960084
0.777169680428099
0.8471376452851709
0.8640998290491281
0.8118764437569123
0.8463980131878632
0.8061072378580458
0.6553505473816928
0.6903261086332622
0.7268747914192544
0.8768393267265409
0.8427385700461512
0.7724998225768394
0.8123409156439122
